[{"A":52,"F":42,"M":6},{"A":52,"F":44,"M":4},{"A":47,"F":48,"M":5},{"A":45,"F":49,"M":6},{"A":40,"F":50,"M":10},{"A":37,"F":54,"M":9},{"A":27,"F":58,"M":15},{"A":27,"F":54,"M":19},{"A":23,"F":59,"M":18},{"A":22,"F":59,"M":19},{"A":21,"F":60,"M":19},{"A":25,"F":53,"M":22},{"A":24,"F":54,"M":22},{"A":22,"F":55,"M":23},{"A":22,"F":56,"M":22},{"A":20,"F":58,"M":22},{"A":16,"F":62,"M":22},{"A":17,"F":57,"M":26},{"A":14,"F":54,"M":32},{"A":13,"F":55,"M":32},{"A":13,"F":52,"M":35},{"A":14,"F":47,"M":39},{"A":24,"F":56,"M":20}]