[{"T1":"T1","T2":1.0,"T3.4":0.514,"T6":0.477,"T28":0.433,"T29":0.424,"T32":0.35,"T34":0.083,"T35":0.239,"T36a":0.14,"T13":0.286,"T18":0.305,"T25b":0.26,"T77":0.231},{"T1":"T2","T2":0.514,"T3.4":1.0,"T6":0.662,"T28":0.497,"T29":0.397,"T32":0.427,"T34":0.152,"T35":0.254,"T36a":0.083,"T13":0.368,"T18":0.545,"T25b":0.526,"T77":0.437},{"T1":"T3.4","T2":0.477,"T3.4":0.662,"T6":1.0,"T28":0.415,"T29":0.319,"T32":0.376,"T34":0.173,"T35":0.172,"T36a":0.137,"T13":0.229,"T18":0.482,"T25b":0.373,"T77":0.424},{"T1":"T6","T2":0.433,"T3.4":0.497,"T6":0.415,"T28":1.0,"T29":0.444,"T32":0.53,"T34":0.064,"T35":0.371,"T36a":0.214,"T13":0.394,"T18":0.354,"T25b":0.348,"T77":0.31},{"T1":"T28","T2":0.424,"T3.4":0.397,"T6":0.319,"T28":0.444,"T29":1.0,"T32":0.437,"T34":0.027,"T35":0.211,"T36a":0.139,"T13":0.267,"T18":0.262,"T25b":0.193,"T77":0.16},{"T1":"T29","T2":0.35,"T3.4":0.427,"T6":0.376,"T28":0.53,"T29":0.437,"T32":1.0,"T34":0.018,"T35":0.224,"T36a":0.066,"T13":0.34,"T18":0.349,"T25b":0.368,"T77":0.245},{"T1":"T32","T2":0.083,"T3.4":0.152,"T6":0.173,"T28":0.064,"T29":0.027,"T32":0.018,"T34":1.0,"T35":0.264,"T36a":0.203,"T13":0.191,"T18":0.166,"T25b":0.115,"T77":0.129},{"T1":"T34","T2":0.239,"T3.4":0.254,"T6":0.172,"T28":0.371,"T29":0.211,"T32":0.224,"T34":0.264,"T35":1.0,"T36a":0.334,"T13":0.442,"T18":0.202,"T25b":0.159,"T77":0.053},{"T1":"T35","T2":0.14,"T3.4":0.083,"T6":0.137,"T28":0.214,"T29":0.139,"T32":0.066,"T34":0.203,"T35":0.334,"T36a":1.0,"T13":0.234,"T18":0.007,"T25b":-0.014,"T77":-0.03},{"T1":"T36a","T2":0.286,"T3.4":0.368,"T6":0.229,"T28":0.394,"T29":0.267,"T32":0.34,"T34":0.191,"T35":0.442,"T36a":0.234,"T13":1.0,"T18":0.36,"T25b":0.372,"T77":0.235},{"T1":"T13","T2":0.305,"T3.4":0.545,"T6":0.482,"T28":0.354,"T29":0.262,"T32":0.349,"T34":0.166,"T35":0.202,"T36a":0.007,"T13":0.36,"T18":1.0,"T25b":0.677,"T77":0.603},{"T1":"T18","T2":0.26,"T3.4":0.526,"T6":0.373,"T28":0.348,"T29":0.193,"T32":0.368,"T34":0.115,"T35":0.159,"T36a":-0.014,"T13":0.372,"T18":0.677,"T25b":1.0,"T77":0.596},{"T1":"T25b","T2":0.231,"T3.4":0.437,"T6":0.424,"T28":0.31,"T29":0.16,"T32":0.245,"T34":0.129,"T35":0.053,"T36a":-0.03,"T13":0.235,"T18":0.603,"T25b":0.596,"T77":1.0},{"T1":"T77","T2":0.25,"T3.4":0.426,"T6":0.368,"T28":0.279,"T29":0.189,"T32":0.273,"T34":0.133,"T35":0.039,"T36a":-0.037,"T13":0.241,"T18":0.586,"T25b":0.613,"T77":0.559}]