[{"V1":"V1","V2":1.0,"V3":0.58,"V4":-0.28,"V5":0.01,"V6":0.36,"V7":0.38,"V8":0.61},{"V1":"V2","V2":0.58,"V3":1.0,"V4":-0.28,"V5":0.1,"V6":0.52,"V7":0.44,"V8":0.78},{"V1":"V3","V2":-0.28,"V3":-0.28,"V4":1.0,"V5":0.56,"V6":0.14,"V7":-0.56,"V8":-0.42},{"V1":"V4","V2":0.01,"V3":0.1,"V4":0.56,"V5":1.0,"V6":0.4,"V7":-0.34,"V8":-0.03},{"V1":"V5","V2":0.36,"V3":0.52,"V4":0.14,"V5":0.4,"V6":1.0,"V7":0.08,"V8":0.46},{"V1":"V6","V2":0.38,"V3":0.44,"V4":-0.56,"V5":-0.34,"V6":0.08,"V7":1.0,"V8":0.54},{"V1":"V7","V2":0.61,"V3":0.78,"V4":-0.42,"V5":-0.03,"V6":0.46,"V7":0.54,"V8":1.0},{"V1":"V8","V2":0.15,"V3":0.1,"V4":-0.7,"V5":-0.65,"V6":-0.3,"V7":0.5,"V8":0.25}]