[{"t42":"t42","t54":1.0,"t45":0.554,"t46":0.227,"t23":0.189,"t24":0.461,"t27":0.506,"t10":0.408,"t51":0.28},{"t42":"t54","t54":0.554,"t45":1.0,"t46":0.296,"t23":0.219,"t24":0.479,"t27":0.53,"t10":0.425,"t51":0.311},{"t42":"t45","t54":0.227,"t45":0.296,"t46":1.0,"t23":0.769,"t24":0.237,"t27":0.243,"t10":0.304,"t51":0.718},{"t42":"t46","t54":0.189,"t45":0.219,"t46":0.769,"t23":1.0,"t24":0.212,"t27":0.226,"t10":0.291,"t51":0.681},{"t42":"t23","t54":0.461,"t45":0.479,"t46":0.237,"t23":0.212,"t24":1.0,"t27":0.52,"t10":0.514,"t51":0.313},{"t42":"t24","t54":0.506,"t45":0.53,"t46":0.243,"t23":0.226,"t24":0.52,"t27":1.0,"t10":0.473,"t51":0.348},{"t42":"t27","t54":0.408,"t45":0.425,"t46":0.304,"t23":0.291,"t24":0.514,"t27":0.473,"t10":1.0,"t51":0.374},{"t42":"t10","t54":0.28,"t45":0.311,"t46":0.718,"t23":0.681,"t24":0.313,"t27":0.348,"t10":0.374,"t51":1.0},{"t42":"t51","t54":0.241,"t45":0.311,"t46":0.73,"t23":0.661,"t24":0.245,"t27":0.29,"t10":0.306,"t51":0.672}]